0.02835
0.07332
0.09103
0.02297
0.02790
0.03258
0.02790
0.03106
0.02521
0.02441
0.02857
0.04052
0.02420
0.03319
0.02828
0.02918
0.61913
0.03075
0.03375
0.02322
0.03375
0.02666
0.03242
0.04558
0.02861
0.02576
0.02698
0.02938
0.02270
0.03135
0.03187
0.11221
0.02922
0.03242
0.02561
0.04293
0.02280
0.02477
0.02708
0.61913
0.02434
0.02344
0.02758
0.02968
0.02129
0.03075
0.02228
0.02760
0.02972
0.03179
0.03007
0.03179
0.04017
0.03135
0.02322
0.03354
